STARLINK-30309          
1 57632U 23122A   23258.58334491 -.02093962  00000+0 -10381+0 0  9994
2 57632  43.0001 339.4746 0001151 270.6261 125.4570 15.20796248  5936
STARLINK-30306          
1 57633U 23122B   23258.58334491 -.02094218  00000+0 -10244+0 0  9998
2 57633  43.0003 339.4498 0001147 265.6415 141.0614 15.21249895  5938
STARLINK-30323          
1 57634U 23122C   23258.58334491  .00101107  00000+0  23458-2 0  9995
2 57634  43.0005 339.0025 0003094 310.3366 281.4502 15.41331457  5921
STARLINK-30329          
1 57635U 23122D   23258.58334491 -.02093087  00000+0 -10102+0 0  9996
2 57635  43.0003 339.4246 0000875 266.3985 150.7634 15.21702226  5883
STARLINK-30330          
1 57636U 23122E   23258.58334491 -.02310269  00000+0 -10927+0 0  9996
2 57636  43.0003 339.3988 0001845 293.8847 133.7638 15.22143572  5931
STARLINK-30311          
1 57637U 23122F   23258.58334491 -.02096742  00000+0 -97186-1 0  9998
2 57637  43.0007 339.3507 0000997 270.6928 176.8615 15.23063796  5936
STARLINK-30328          
1 57638U 23122G   23254.51458159 -.00184967  00000+0 -20025-2 0  9990
2 57638  43.0003   1.4548 0001101 295.2121  64.8630 15.63261053  5237
STARLINK-30326          
1 57639U 23122H   23258.58334491 -.02099108  00000+0 -76787-1 0  9993
2 57639  43.0002 339.0002 0000998 253.1499 338.6573 15.30791737  5932
STARLINK-30324          
1 57640U 23122J   23258.58334491 -.02095304  00000+0 -95805-1 0  9991
2 57640  43.0007 339.3271 0000925 252.6461 204.7151 15.23516240  5934
STARLINK-30312          
1 57641U 23122K   23258.58334491 -.02095583  00000+0 -94589-1 0  9999
2 57641  43.0006 339.3036 0000838 249.6125 217.5342 15.23946750  5936
STARLINK-30263          
1 57642U 23122L   23258.58334491 -.02097766  00000+0 -92144-1 0  9990
2 57642  43.0008 339.2581 0000624 280.5481 205.4103 15.24854412  5930
STARLINK-30280          
1 57643U 23122M   23258.58334491 -.02094427  00000+0 -88241-1 0  9995
2 57643  43.0006 339.1927 0001783 257.0220 255.9305 15.26211682  5920
STARLINK-30247          
1 57644U 23122N   23258.58334491 -.02084019  00000+0 -89439-1 0  9992
2 57644  43.0007 339.2132 0001469 293.3874 211.0615 15.25589711  5927
STARLINK-30277          
1 57645U 23122P   23258.58334491 -.02099116  00000+0 -90936-1 0  9991
2 57645  43.0006 339.2360 0001288 266.7833 228.3351 15.25308556  5933
STARLINK-30265          
1 57646U 23122Q   23258.58334491 -.02097194  00000+0 -93383-1 0  9995
2 57646  43.0005 339.2816 0000803 258.6232 218.0105 15.24401107  5932
STARLINK-30286          
1 57647U 23122R   23258.58334491 -.02100415  00000+0 -67983-1 0  9994
2 57647  43.0006 339.0622 0000787 279.2349 287.7846 15.34648813  5883
STARLINK-30243          
1 57648U 23122S   23258.58334491 -.02098661  00000+0 -78700-1 0  9993
2 57648  43.0003 339.0407 0001039 259.9760 316.0401 15.29997733  5936
STARLINK-30293          
1 57649U 23122T   23258.58334491 -.02089130  00000+0 -82160-1 0  9990
2 57649  43.0003 339.0909 0000916 250.7106 304.1997 15.28451477  5937
STARLINK-30299          
1 57650U 23122U   23258.58334491 -.02082197  00000+0 -84134-1 0  9991
2 57650  43.0006 339.1313 0000945 234.5306 303.9552 15.27561842  5926
STARLINK-30294          
1 57651U 23122V   23258.58334491 -.02089319  00000+0 -65887-1 0  9999
2 57651  43.0001 338.9305 0001422 277.8482 343.8477 15.35433267  5888
STARLINK-30276          
1 57652U 23122W   23258.58334491 -.02092710  00000+0 -81169-1 0  9990
2 57652  43.0005 339.0717 0000597 252.3976 310.3765 15.28906998  5922
STARLINK-30289          
1 57653U 23122X   23258.58334491 -.02618131  00000+0 -62453-1 0  9997
2 57653  43.0003 338.3320 0000894 256.2653 251.6380 15.44631027  5935
GAOFEN-12 04            
1 57654U 23123A   23258.73350180  .00002089  00000+0  27962-3 0  9992
2 57654  97.9040 174.9040 0002838  68.5033 291.6482 14.80514782  3857
CZ-4C R/B               
1 57655U 23123B   23258.54615619  .00006663  00000+0  35804-3 0  9999
2 57655  97.8847 175.7343 0098462 329.0178  30.5265 15.11114838  3896
STARLINK-30267          
1 57663U 23124A   23258.58334491  .00036822  00000+0  80487-3 0  9996
2 57663  53.0540  84.4380 0000812 119.4781  60.1313 15.43839317  4928
STARLINK-30302          
1 57664U 23124B   23258.58334491 -.02108640  00000+0 -53152-1 0  9996
2 57664  53.0541  84.4364 0001241  65.2190 115.2554 15.43021532  5068
STARLINK-30298          
1 57665U 23124C   23258.58334491 -.02116910  00000+0 -54415-1 0  9999
2 57665  53.0540  84.4387 0001882  93.7577  85.6008 15.42453676  5071
STARLINK-30301          
1 57666U 23124D   23257.14835597  .00286863  00000+0  12263-2 0  9991
2 57666  53.0492  89.2954 0000701   1.6869 358.4155 15.83849094  4837
STARLINK-30275          
1 57667U 23124E   23258.58334491 -.02147870  00000+0 -53240-1 0  9995
2 57667  53.0540  84.4344 0001263 121.7764  60.1346 15.43584894  4710
STARLINK-30278          
1 57668U 23124F   23258.58334491 -.02086390  00000+0 -50575-1 0  9993
2 57668  53.0541  84.4322 0001237 127.4271  55.0905 15.44126873  5068
STARLINK-30271          
1 57669U 23124G   23258.58334491 -.00693410  00000+0 -16072-1 0  9993
2 57669  53.0539  84.4303 0003742 139.0145  44.6699 15.44110337  5069
STARLINK-30322          
1 57670U 23124H   23258.58334491 -.01524291  00000+0 -36098-1 0  9996
2 57670  53.0541  84.4318 0002092 112.6858  70.3895 15.44286061  4707
STARLINK-30296          
1 57671U 23124J   23258.58334491  .00131658  00000+0  21597-2 0  9994
2 57671  53.0543  84.3165 0001504 287.8635 312.3424 15.51517782  4762
STARLINK-30274          
1 57672U 23124K   23258.58334491 -.00040628  00000+0 -87637-3 0  9991
2 57672  53.0541  84.4294 0001709 126.6750  57.6400 15.43884794  4922
STARLINK-30316          
1 57673U 23124L   23258.58334491  .00002665  00000+0  66925-4 0  9997
2 57673  53.0541  84.4269 0001564 101.1164  84.3771 15.43865175  4763
STARLINK-30314          
1 57674U 23124M   23258.58334491  .00003387  00000+0  82591-4 0  9997
2 57674  53.0540  84.4239 0001963 120.8529  65.8283 15.43860251  4713
STARLINK-30317          
1 57675U 23124N   23258.58334491 -.00004796  00000+0 -95001-4 0  9995
2 57675  53.0540  84.4251 0000961 123.9553  62.1278 15.43867509  5062
STARLINK-30313          
1 57676U 23124P   23258.58334491  .00021580  00000+0  47620-3 0  9997
2 57676  53.0540  84.4238 0000905 139.9168  47.3540 15.43852147  5064
STARLINK-30303          
1 57677U 23124Q   23258.58334491 -.00000154  00000+0  57979-5 0  9993
2 57677  53.0539  84.4204 0002642 135.6785  53.3551 15.43866079  4926
STARLINK-30320          
1 57678U 23124R   23258.58334491  .00020428  00000+0  45129-3 0  9991
2 57678  53.0541  84.4223 0002123 131.1326  56.7262 15.43854022  5075
STARLINK-30321          
1 57679U 23124S   23258.58334491  .00006551  00000+0  15114-3 0  9994
2 57679  53.0540  84.4168 0002148 106.9280  83.8760 15.43861193  4608
STARLINK-30283          
1 57680U 23124T   23258.58334491 -.00058989  00000+0 -12781-2 0  9996
2 57680  53.0539  84.4175 0002015 128.7511  61.4213 15.43918000  5064
STARLINK-30273          
1 57681U 23124U   23258.58334491  .00015825  00000+0  35185-3 0  9991
2 57681  53.0541  84.4213 0002348 141.3542  47.0971 15.43855270  5065
STARLINK-30297          
1 57682U 23124V   23258.58334491 -.00068349  00000+0 -14835-2 0  9991
2 57682  53.0541  84.4185 0001290 137.6692  51.8918 15.43932959  5067
STARLINK-30295          
1 57683U 23124W   23258.58334491 -.00934798  00000+0 -12800-1 0  9991
2 57683  53.0546  83.4285 0001988 107.7698 209.3499 15.59412484  5068
PROGRESS-MS 24          
1 57691U 23125A   23258.41510310  .00017764  00000+0  32632-3 0  9999
2 57691  51.6411 241.5794 0005745  20.8373 139.0145 15.49298881415787
CAPELLA-11 (ACADIA)     
1 57693U 23126A   23258.78059122  .00006030  00000+0  91323-3 0  9997
2 57693  53.0121 192.4376 0007151   8.7237 351.3861 14.75278088  3366
ELECTRON KICK STAGE R/B 
1 57694U 23126B   23258.43630660  .00003336  00000+0  51591-3 0  9991
2 57694  53.0120 193.8567 0009794 352.4506   7.6319 14.75570214  3316
JILIN-1 KUANFU 02A      
1 57696U 23127A   23258.73147356  .00007449  00000+0  46862-3 0  9996
2 57696  97.5933 344.0345 0012682 208.7698 151.2833 15.09435058  3256
CREW DRAGON 7           
1 57697U 23128A   23258.41510310  .00017764  00000+0  32632-3 0  9998
2 57697  51.6411 241.5794 0005745  20.8373 139.0145 15.49298881415783
STARLINK-30288          
1 57698U 23129A   23258.58334491 -.01633677  00000+0 -20803-1 0  9997
2 57698  43.0004   8.6272 0000860 228.2936 237.0716 15.61766586  4325
STARLINK-30347          
1 57699U 23129B   23258.58334491 -.01448797  00000+0 -18316-1 0  9991
2 57699  43.0004   8.6259 0000928 288.6396 177.4742 15.61570776  4326
STARLINK-30332          
1 57700U 23129C   23258.58334491 -.01631961  00000+0 -20757-1 0  9993
2 57700  43.0004   8.6243 0001462 282.2151 184.6527 15.61786579  4179
STARLINK-30345          
1 57701U 23129D   23258.83334491 -.01819118  00000+0 -23790-1 0  9994
2 57701  43.0004   7.1372 0001900 264.9714 168.4847 15.60893545  3979
STARLINK-30333          
1 57702U 23129E   23258.83334491 -.01764655  00000+0 -22898-1 0  9998
2 57702  43.0003   7.1351 0002788 211.7223 222.9592 15.60989453  4334
STARLINK-30336          
1 57703U 23129F   23258.58334491 -.01632269  00000+0 -20762-1 0  9994
2 57703  43.0004   8.6223 0000534 178.2829 289.0570 15.61795001  4016
STARLINK-30346          
1 57704U 23129G   23258.58334491 -.01582235  00000+0 -20006-1 0  9993
2 57704  43.0003   8.6182 0005088 213.6383 255.6060 15.61788895  4171
STARLINK-30342          
1 57705U 23129H   23258.58334491 -.01634709  00000+0 -20718-1 0  9998
2 57705  43.0003   8.6207 0006440 204.5444 263.7383 15.61814747  4321
STARLINK-30337          
1 57706U 23129J   23258.83334491 -.01650393  00000+0 -21601-1 0  9996
2 57706  43.0003   7.1342 0005316 206.7169 228.9296 15.61044041  4198
STARLINK-30327          
1 57707U 23129K   23258.58334491 -.01632911  00000+0 -20717-1 0  9992
2 57707  43.0005   8.6172 0001167 269.2021 200.9086 15.61855483  4174
STARLINK-30315          
1 57708U 23129L   23258.58334491 -.01634752  00000+0 -20704-1 0  9994
2 57708  43.0003   8.6147 0004347 190.4403 280.1324 15.61865291  4327
STARLINK-30287          
1 57709U 23129M   23258.58334491 -.01636480  00000+0 -20748-1 0  9993
2 57709  43.0005   8.6176 0004104 190.3790 279.2935 15.61845137  4336
STARLINK-30335          
1 57710U 23129N   23258.58334491 -.01637496  00000+0 -20728-1 0  9991
2 57710  43.0003   8.6127 0004370 185.8272 285.7073 15.61883783  4324
STARLINK-30318          
1 57711U 23129P   23258.58334491 -.01635126  00000+0 -20738-1 0  9991
2 57711  43.0004   8.6149 0000475 218.6953 252.3433 15.61875451  4078
STARLINK-30348          
1 57712U 23129Q   23258.83334491 -.01592573  00000+0 -20945-1 0  9998
2 57712  43.0004   7.1223 0001183 287.8389 151.9715 15.60852394  4330
STARLINK-30349          
1 57713U 23129R   23258.58334491 -.01636127  00000+0 -20676-1 0  9996
2 57713  43.0004   8.6073 0003558 182.9249 290.8839 15.61934715  4012
STARLINK-30341          
1 57714U 23129S   23258.83334491 -.01969614  00000+0 -25803-1 0  9992
2 57714  43.0005   7.1207 0001662 277.8654 162.6596 15.61118633  4339
STARLINK-30300          
1 57715U 23129T   23258.58334491 -.01632121  00000+0 -20677-1 0  9999
2 57715  43.0004   8.6121 0000958 277.0000 194.9755 15.61892774  4334
STARLINK-30281          
1 57716U 23129U   23258.58334491 -.01654894  00000+0 -21040-1 0  9996
2 57716  43.0004   8.6299 0006445 221.0579 243.7821 15.61775865  4011
STARLINK-30325          
1 57717U 23129V   23258.58334491 -.01632094  00000+0 -20651-1 0  9992
2 57717  43.0004   8.6089 0001225 268.2479 205.1193 15.61921632  4336
STARLINK-30338          
1 57718U 23129W   23258.83334491 -.01699231  00000+0 -21868-1 0  9998
2 57718  43.0004   7.1175 0003548 207.8363 234.0079 15.61079241  4332
STARLINK-30334          
1 57719U 23129X   23258.58334491 -.01631777  00000+0 -20638-1 0  9996
2 57719  43.0005   8.6062 0000618 272.7463 201.5829 15.61937965  4172
YAOGAN-39 01A           
1 57727U 23130A   23258.63655457  .00017636  00000+0  72449-3 0  9999
2 57727  34.9975 332.3800 0006976  32.0370 328.0768 15.23321503  2314
CZ-2D R/B               
1 57728U 23130B   23258.56934539  .00013044  00000+0  53744-3 0  9999
2 57728  34.9982 332.7785 0008870  39.0442 321.0912 15.23254778  2325
YAOGAN-39 01B           
1 57729U 23130C   23258.63247182  .00025801  00000+0  10399-2 0  9991
2 57729  34.9978 332.3458 0008526  34.3776 325.7490 15.23889859  2315
CZ-2D DEB               
1 57730U 23130D   23258.56620130  .00029225  00000+0  11724-2 0  9990
2 57730  34.9987 332.7528 0009526  34.8768 325.2570 15.24017153  2300
YAOGAN-39 01C           
1 57731U 23130E   23258.63262903  .00017381  00000+0  71158-3 0  9997
2 57731  34.9982 332.3475 0009482  51.1448 309.0112 15.23419249  2315
STARLINK-30375          
1 57732U 23131A   23258.36307248  .00075658  00000+0  49710-3 0  9991
2 57732  42.9979  64.7059 0003529 216.7869 143.2758 15.74760072  3502
STARLINK-30310          
1 57733U 23131B   23258.36257187  .00009965  00000+0  68700-4 0  9997
2 57733  42.9962  64.7018 0004025 209.9288 150.1351 15.74763058  3504
STARLINK-30365          
1 57734U 23131C   23258.34369912  .00111362  00000+0  61095-3 0  9990
2 57734  42.9959  64.5473 0007411 238.7796 121.2349 15.78661811  3492
STARLINK-30371          
1 57735U 23131D   23258.00001157  .00276493  00000+0  16316-2 0  9990
2 57735  42.9977  66.9025 0003829 219.8260 241.8090 15.76562662  3323
STARLINK-30352          
1 57736U 23131E   23258.36295261  .00034649  00000+0  23041-3 0  9990
2 57736  42.9966  64.7056 0003830 206.5964 153.4709 15.74764263  3490
STARLINK-30344          
1 57737U 23131F   23258.00001157 -.00880221  00000+0 -63490-2 0  9999
2 57737  42.9982  66.9054 0001980 212.6664 247.7221 15.75049818  3163
STARLINK-30351          
1 57738U 23131G   23258.36285856  .00087853  00000+0  57245-3 0  9999
2 57738  42.9972  64.7041 0007415 191.0168 169.0540 15.74869989  3497
STARLINK-30242          
1 57739U 23131H   23258.36279152 -.00032417  00000+0 -21210-3 0  9993
2 57739  42.9983  64.7034 0002991 234.1747 125.8844 15.74667423  3494
STARLINK-30331          
1 57740U 23131J   23258.36273871  .00090955  00000+0  59418-3 0  9997
2 57740  42.9974  64.7055 0006457 192.0677 168.0039 15.74807680  3490
STARLINK-30364          
1 57741U 23131K   23258.36263173  .00068049  00000+0  44711-3 0  9991
2 57741  42.9978  64.7030 0006147 192.3185 167.7535 15.74780324  3493
STARLINK-30308          
1 57742U 23131L   23258.36268112  .00084336  00000+0  55180-3 0  9999
2 57742  42.9973  64.7038 0005745 210.7677 149.2856 15.74805012  3494
STARLINK-30361          
1 57743U 23131M   23258.36251057  .00097545  00000+0  63386-3 0  9993
2 57743  42.9976  64.7023 0007978 198.0359 162.0228 15.74888613  3491
STARLINK-30363          
1 57744U 23131N   23258.36224116 -.00097952  00000+0 -65251-3 0  9997
2 57744  43.0004  64.6990 0004240 271.6480  88.3904 15.74651515  3490
STARLINK-30362          
1 57745U 23131P   23258.36239623  .00081619  00000+0  53415-3 0  9997
2 57745  42.9998  64.7023 0004285 238.1669 121.8783 15.74820708  3495
STARLINK-30350          
1 57746U 23131Q   23258.36245400  .00084117  00000+0  54970-3 0  9991
2 57746  42.9985  64.7033 0006324 206.4199 153.6348 15.74829113  3494
STARLINK-30307          
1 57747U 23131R   23258.36232526  .00092795  00000+0  60279-3 0  9997
2 57747  42.9967  64.7001 0006874 191.0512 169.0207 15.74926183  3498
STARLINK-30356          
1 57748U 23131S   23258.36228372  .00084643  00000+0  55274-3 0  9994
2 57748  42.9985  64.7024 0005233 213.1771 146.8771 15.74851813  3491
STARLINK-30366          
1 57749U 23131T   23258.36217980  .00075386  00000+0  49306-3 0  9991
2 57749  42.9984  64.6997 0005637 206.8267 153.2311 15.74853713  3499
STARLINK-30357          
1 57750U 23131U   23258.36203981 -.00268177  00000+0 -18323-2 0  9997
2 57750  42.9974  64.6981 0007016 196.2204 163.8441 15.74568017  3490
STARLINK-30370          
1 57751U 23131V   23258.36212744  .00088844  00000+0  57914-3 0  9994
2 57751  42.9986  64.6974 0006113 198.2353 161.8297 15.74868658  3491
STARLINK-30368          
1 57752U 23131W   23258.34344035  .00103362  00000+0  58833-3 0  9996
2 57752  42.9976  64.5449 0007936 292.9188  67.0844 15.77866085  3499
STARLINK-30343          
1 57753U 23131X   23258.36208852 -.00058594  00000+0 -38628-3 0  9993
2 57753  42.9975  64.6982 0003319 200.5283 159.5453 15.74714836  3490
ADITYA-L1               
1 57754U 23132A   23257.85684028 -.00001334  00000+0  00000+0 0  9999
2 57754  19.2554  17.2188 8437217 354.9359 359.1120  0.99301021   379
PSLV R/B                
1 57755U 23132B   23258.44599177  .00021841  00000+0  17522-2 0  9990
2 57755  19.2787  10.6397 5931786   6.6279 358.5736  4.18693530   556
WILDFIRE 4              
1 57756U 23133A   23258.49358569  .00000070  00000+0  51559-4 0  9996
2 57756  80.9984 252.7538 0009629 183.5877 176.5213 13.86060212  1787
BB4                     
1 57757U 23133B   23258.71129326  .00000085  00000+0  64783-4 0  9998
2 57757  80.9957 252.5405 0009108 181.2701 178.8434 13.85938279  1812
WILDFIRE 3              
1 57758U 23133C   23258.49596368  .00000085  00000+0  64566-4 0  9997
2 57758  80.9930 252.7435 0008410 182.1822 177.9300 13.85803407  1780
BB3                     
1 57760U 23133D   23258.49666370  .00000103  00000+0  80556-4 0  9999
2 57760  80.9958 252.7511 0008053 185.3962 174.7109 13.85728261  1787
WILDFIRE 7              
1 57761U 23133E   23258.50555998  .00000069  00000+0  51783-4 0  9996
2 57761  80.9954 252.7621 0004633 211.8246 148.2631 13.84768064  1786
CHECKMATE 10            
1 57762U 23133F   23258.50135706  .00000089  00000+0  69084-4 0  9993
2 57762  80.9967 252.7583 0005576 189.6670 170.4380 13.85221532  1781
WILDFIRE 6              
1 57763U 23133G   23258.50329055  .00000070  00000+0  51856-4 0  9994
2 57763  80.9914 252.7543 0004997 198.7492 161.3481 13.85012728  1785
WILDFIRE 1              
1 57764U 23133H   23258.49967559  .00000071  00000+0  52618-4 0  9998
2 57764  80.9961 252.7554 0006063 182.3549 177.7580 13.85402757  1784
WILDFIRE 9              
1 57765U 23133J   23258.50276590  .00000110  00000+0  87321-4 0  9992
2 57765  81.0001 252.7646 0005149 196.0919 164.0074 13.85069720  1787
WILDFIRE 10             
1 57766U 23133K   23258.50069614  .00000079  00000+0  59744-4 0  9992
2 57766  80.9990 252.7601 0005753 186.4429 173.6655 13.85292754  1780
WILDFIRE 2              
1 57767U 23133L   23258.50439354  .00000079  00000+0  60436-4 0  9995
2 57767  80.9924 252.7571 0004793 204.7818 155.3108 13.84893815  1787
WILDFIRE 8              
1 57768U 23133M   23258.50239912  .00000118  00000+0  94190-4 0  9992
2 57768  80.9914 252.7528 0005268 194.7173 165.3830 13.85109394  1796
WILDFIRE 5              
1 57769U 23133N   23258.50187285  .00000079  00000+0  60172-4 0  9997
2 57769  81.0000 252.7631 0005425 191.9855 168.1173 13.85165800  1785
STARLINK-30397          
1 57771U 23134A   23258.83334491 -.00821264  00000+0 -54344-2 0  9991
2 57771  43.0011  89.7577 0007589 205.5929   1.0856 15.76751282  2929
STARLINK-30354          
1 57772U 23134B   23258.58334491 -.00879506  00000+0 -57295-2 0  9994
2 57772  43.0012  91.2762 0006433 190.0119  35.8665 15.77272557  3053
STARLINK-30383          
1 57773U 23134C   23258.83334491 -.00851601  00000+0 -56608-2 0  9996
2 57773  43.0013  89.7562 0004066 200.7716   6.4639 15.76785302  3081
STARLINK-30384          
1 57774U 23134D   23258.58334491 -.00882072  00000+0 -57448-2 0  9998
2 57774  43.0013  91.2740 0005979 198.1243  28.5520 15.77292377  2817
STARLINK-30305          
1 57775U 23134E   23258.83334491 -.00850680  00000+0 -56597-2 0  9991
2 57775  43.0014  89.7563 0001593 208.2335 359.2735 15.76790783  2845
STARLINK-30360          
1 57776U 23134F   23258.83334491 -.00847606  00000+0 -56361-2 0  9995
2 57776  43.0013  89.7546 0000874 228.8634 339.1579 15.76801268  2920
STARLINK-30355          
1 57777U 23134G   23258.58334491 -.00882865  00000+0 -57617-2 0  9999
2 57777  43.0015  91.2723 0001046 215.9685  11.4890 15.77311284  3059
STARLINK-30385          
1 57778U 23134H   23258.58334491 -.00881058  00000+0 -57384-2 0  9994
2 57778  43.0015  91.2727 0005090 241.7558 345.4624 15.77302836  2892
STARLINK-30359          
1 57779U 23134J   23258.83334491 -.00848922  00000+0 -56372-2 0  9992
2 57779  43.0014  89.7527 0002461 201.5816   7.2466 15.76820102  2923
STARLINK-30380          
1 57780U 23134K   23258.83334491 -.00852246  00000+0 -56490-2 0  9999
2 57780  43.0014  89.7526 0005604 192.0673  17.0160 15.76828467  2844
STARLINK-30369          
1 57781U 23134L   23258.58334491 -.00886000  00000+0 -57777-2 0  9996
2 57781  43.0018  91.2707 0001679 239.0977 349.1423 15.77330960  2999
STARLINK-30376          
1 57782U 23134M   23258.83334491 -.00849564  00000+0 -56333-2 0  9996
2 57782  43.0017  89.7503 0003323 201.0916   8.8076 15.76844369  3081
STARLINK-30389          
1 57783U 23134N   23258.58334491 -.00883595  00000+0 -57596-2 0  9993
2 57783  43.0024  91.2708 0001501 230.4959 358.0310 15.77335551  2814
STARLINK-30388          
1 57784U 23134P   23258.83334491 -.00847067  00000+0 -56186-2 0  9990
2 57784  43.0018  89.7497 0001626 188.5149  21.6694 15.76848411  3088
STARLINK-30381          
1 57785U 23134Q   23258.83334491 -.00900417  00000+0 -44938-2 0  9992
2 57785  43.0011  89.1998 0007179 197.6007 231.0005 15.83053136  3022
STARLINK-30382          
1 57786U 23134R   23258.83334491 -.00852662  00000+0 -56426-2 0  9996
2 57786  43.0018  89.7491 0006047 194.6596  15.7792 15.76858699  2845
STARLINK-30378          
1 57787U 23134S   23258.58334491 -.00924918  00000+0 -60362-2 0  9997
2 57787  43.0020  91.2676 0004244 218.5074  11.0430 15.77387279  3050
STARLINK-30387          
1 57788U 23134T   23258.83334491  .00224158  00000+0  12523-2 0  9999
2 57788  43.0018  89.7448 0004166 294.1606 278.0170 15.77939908  3082
STARLINK-30372          
1 57789U 23134U   23258.58334491 -.00879416  00000+0 -57200-2 0  9998
2 57789  43.0018  91.2667 0002352 234.3288 355.4905 15.77363583  3054
STARLINK-30373          
1 57790U 23134V   23258.58334491 -.00888695  00000+0 -57827-2 0  9994
2 57790  43.0019  91.2660 0002262 257.8275 332.5158 15.77380388  3054
STARLINK-30367          
1 57791U 23134W   23258.83334491 -.00851716  00000+0 -56407-2 0  9990
2 57791  43.0017  89.7456 0002293 236.4280 335.3357 15.76888795  2933
TIANQI-21               
1 57792U 23135A   23258.72478050  .00000546  00000+0  27656-3 0  9990
2 57792  49.9720  60.2036 0012004 341.0937  18.9531 14.29174268  1488
TIANQI-22               
1 57793U 23135B   23258.51370444  .00000339  00000+0  19486-3 0  9998
2 57793  49.9691  61.0845 0012361 342.9264  17.1233 14.29363360  1452
TIANQI-23               
1 57794U 23135C   23258.51306800  .00000275  00000+0  16961-3 0  9998
2 57794  49.9731  61.0844 0012302 345.5870  14.4693 14.29485377  1457
TIANQI-24               
1 57795U 23135D   23258.51298643  .00000292  00000+0  17617-3 0  9992
2 57795  49.9739  61.0847 0013086 342.8268  17.2202 14.29506582  1459
CERES-1 R/B             
1 57796U 23135E   23258.76921387  .01986593  10478-4  77869-3 0  9996
2 57796  49.9061  51.4720 0348255  32.2488 329.9264 15.57705276  1605
YAOGAN-33 03            
1 57797U 23136A   23258.76673256  .00001063  00000+0  21779-3 0  9990
2 57797  98.1583 181.9786 0005457 213.8029 146.2825 14.62755370  1310
CZ-4C R/B               
1 57798U 23136B   23258.51958955  .00004556  00000+0  37721-3 0  9990
2 57798  98.1667 182.1971 0132605  27.5412 333.2751 14.92761384  1316
XRISM                   
1 57800U 23137A   23258.57096775  .00004131  00000+0  33595-3 0  9998
2 57800  31.0045 322.3384 0009959   1.7531 358.3137 14.97877910  1283
H-2A DEB                
1 57801U 23137B   23258.55124587  .00782348  00000+0  45472-1 0  9998
2 57801  31.0423 322.2469 0056710 349.3009  10.6422 15.07165364  1296
H-2A DEB                
1 57802U 23137C   23258.57159599  .00010187  00000+0  83884-3 0  9998
2 57802  31.0042 322.3442 0011372 349.7943  10.2459 14.97829490  1293
H-2A R/B                
1 57804U 23137E   23258.42580396  .00002138  00000+0  20223-1 0  9990
2 57804  30.3049  15.9978 8798189 244.6834 189.6655  0.65768929    63
H-2A DEB                
1 57805U 23137F   23258.57087022  .00016590  00000+0  13629-2 0  9995
2 57805  30.9997 322.3433 0010213 359.1793   0.8823 14.98021150  1214
H-2A DEB                
1 57806U 23137G   23257.53494468  .00046295  00000+0  43629-2 0  9995
2 57806  31.0385 329.3843 0036939 309.5595  50.1778 14.92151139  1056
H-2A DEB                
1 57807U 23137H   23258.63666425  .00017928  00000+0  14664-2 0  9990
2 57807  31.0087 321.9032 0010519   2.6224 357.4465 14.98194421  1211
STARLINK-30304          
1 57808U 23138A   23258.83334491 -.00736064  00000+0 -28516-2 0  9991
2 57808  43.0011 131.7763 0001244 240.8426 175.8918 15.87922069  2228
STARLINK-30374          
1 57809U 23138B   23258.83334491 -.00744753  00000+0 -28802-2 0  9994
2 57809  43.0010 131.7729 0002625 135.0674 283.2912 15.87963845  2285
STARLINK-30394          
1 57810U 23138C   23258.83334491 -.00754514  00000+0 -29148-2 0  9996
2 57810  43.0015 131.7704 0003801 175.3635 243.9340 15.87993642  2181
STARLINK-30379          
1 57811U 23138D   23258.83334491 -.00756734  00000+0 -29131-2 0  9995
2 57811  43.0009 131.7673 0006870 141.3220 279.0439 15.88021571  2286
STARLINK-30395          
1 57812U 23138E   23258.83334491 -.00765920  00000+0 -29519-2 0  9993
2 57812  43.0012 131.7645 0004713 147.0474 274.4530 15.88053694  2280
STARLINK-30403          
1 57813U 23138F   23258.83334491 -.00770302  00000+0 -29686-2 0  9999
2 57813  43.0011 131.7619 0003492 151.0521 271.4232 15.88080960  2183
STARLINK-30413          
1 57814U 23138G   23258.83334491 -.00777375  00000+0 -29919-2 0  9996
2 57814  43.0013 131.7586 0004288 159.8577 263.7775 15.88112742  2281
STARLINK-30398          
1 57815U 23138H   23258.83334491 -.00777872  00000+0 -29887-2 0  9993
2 57815  43.0015 131.7559 0004823 128.6680 296.1784 15.88140220  2189
STARLINK-30386          
1 57816U 23138J   23258.83334491 -.00788012  00000+0 -30281-2 0  9992
2 57816  43.0014 131.7540 0004135 170.3159 255.4732 15.88169663  2015
STARLINK-30391          
1 57817U 23138K   23258.83334491 -.00796838  00000+0 -30578-2 0  9997
2 57817  43.0013 131.7496 0004963 182.4308 244.7443 15.88204882  2286
STARLINK-30401          
1 57818U 23138L   23258.83334491 -.00801039  00000+0 -30699-2 0  9992
2 57818  43.0013 131.7473 0005435 152.5158 275.8008 15.88232880  2188
STARLINK-30390          
1 57819U 23138M   23258.83334491 -.00804752  00000+0 -30878-2 0  9997
2 57819  43.0012 131.7442 0002397 152.7906 276.5293 15.88257921  2223
STARLINK-30409          
1 57820U 23138N   23258.83334491 -.00811056  00000+0 -31068-2 0  9996
2 57820  43.0018 131.7421 0004047 139.8368 290.4762 15.88285188  2222
STARLINK-30415          
1 57821U 23138P   23258.83334491 -.00812462  00000+0 -31132-2 0  9991
2 57821  43.0017 131.7396 0001267 264.5990 166.8490 15.88312927  2283
STARLINK-30417          
1 57822U 23138Q   23258.58334491 -.00760993  00000+0 -28334-2 0  9995
2 57822  43.0015 133.2800 0004625 180.6290 260.6144 15.88727542  2148
STARLINK-30407          
1 57823U 23138R   23258.83334491 -.00824849  00000+0 -31571-2 0  9992
2 57823  43.0020 131.7349 0000783 250.7901 182.8294 15.88367389  2280
STARLINK-30408          
1 57824U 23138S   23258.83334491 -.00833426  00000+0 -31761-2 0  9995
2 57824  43.0019 131.7321 0006696 155.6231 279.0067 15.88394561  2286
STARLINK-30377          
1 57825U 23138T   23258.83334491 -.00837960  00000+0 -32001-2 0  9991
2 57825  43.0018 131.7286 0002448 151.3619 284.6362 15.88425561  2184
STARLINK-30422          
1 57826U 23138U   23258.83334491 -.00848208  00000+0 -32330-2 0  9994
2 57826  43.0018 131.7237 0003002 128.7163 309.5580 15.88480320  2284
STARLINK-30402          
1 57827U 23138V   23258.83334491 -.00844231  00000+0 -32180-2 0  9990
2 57827  43.0019 131.7251 0004461 140.1201 296.9090 15.88450984  2281
STARLINK-30411          
1 57828U 23138W   23258.83334491 -.00856935  00000+0 -32649-2 0  9995
2 57828  43.0017 131.7204 0003354 147.9411 291.1695 15.88503829  2225
STARLINK-30418          
1 57829U 23138X   23258.83334491 -.00863396  00000+0 -32820-2 0  9996
2 57829  43.0018 131.7177 0005679 133.9400 306.1869 15.88528964  2127
YAOGAN-40 01A           
1 57830U 23139A   23258.56605999  .00028271  00000+0  11988-1 0  9997
2 57830  85.9974 350.9830 0010661 206.3781 151.5064 14.25180521   771
CZ-6A R/B               
1 57831U 23139B   23258.56715187  .00000799  00000+0  32564-3 0  9999
2 57831  85.9961 350.9827 0011068 237.8094 122.2010 14.26190713   773
YAOGAN-40 01B           
1 57832U 23139C   23258.56707806  .00042104  00000+0  18812-1 0  9993
2 57832  85.9951 350.9906 0003453 141.7876 215.7889 14.22398234   777
YAOGAN-40 01C           
1 57833U 23139D   23258.56411068  .00129821  00000+0  50336-1 0  9995
2 57833  86.0030 350.9809 0015684 286.4597  75.6111 14.29008125   771
CZ-6A DEB               
1 57834U 23139E   23258.56454706 -.00000186  00000+0 -84783-4 0  9992
2 57834  85.9968 350.9816 0009876 254.6379 105.4408 14.26882840   771
CZ-6A R/B               
1 57835U 23139F   23258.59206271  .00000456  00000+0  14049-3 0  9993
2 57835  86.0022 350.9450 0062175 352.8235   7.2037 14.38168376   773
MILLENNIUM              
1 57861U 23142A   23258.73777432  .00007227  00000+0  32453-3 0  9996
2 57861  97.3187  85.5224 0040256 237.1457 122.5901 15.20725714    99
SOYUZ-MS 24             
1 57862U 23143A   23258.67672391 -.00003777  11942-4  00000+0 0  9997
2 57862  51.6485 240.3170 0023669  86.8513  81.1085 16.22539595    03
SL-4 R/B                
1 57863U 23143B   23258.67574359 -.00003784  11965-4  00000+0 0  9996
2 57863  51.6590 240.3927 0029251  72.6541  89.4302 16.23259343    02
