ISS (ZARYA)             
1 25544U 98067A   23258.85115965  .00017774  00000+0  32632-3 0  9994
2 25544  51.6411 239.4205 0005742  22.4437  51.1220 15.49314774415854
ISS DEB                 
1 47853U 98067RZ  23258.21465531  .00049410  00000+0  34257-3 0  9995
2 47853  51.6341 198.6206 0001400 115.2919 244.8225 15.73953751142969
CSS (TIANHE)            
1 48274U 21035A   23258.65874977  .00030231  00000+0  33467-3 0  9993
2 48274  41.4745 325.5780 0008588  22.9851 337.1372 15.62290918135972
ISS (NAUKA)             
1 49044U 21066A   23258.41510310  .00017764  00000+0  32632-3 0  9994
2 49044  51.6411 241.5794 0005745  20.8373 139.0145 15.49298881415780
FREGAT DEB              
1 49271U 11037PF  23258.44040948  .00028655  00000+0  93630-1 0  9995
2 49271  51.6310  51.3024 0915703 261.4190  88.1983 12.05379537101780
CSS (WENTIAN)           
1 53239U 22085A   23258.46697371  .00029249  00000+0  32414-3 0  9994
2 53239  41.4746 326.7477 0008583  21.4798 338.6400 15.62277228135949
CSS (MENGTIAN)          
1 54216U 22143A   23258.46697371  .00029249  00000+0  32414-3 0  9995
2 54216  41.4746 326.7477 0008583  21.4798 338.6400 15.62277228135945
SPORT                   
1 55129U 98067UW  23258.27069391  .00303388  45548-4  92610-3 0  9995
2 55129  51.6222 212.2504 0007004 100.0444 260.1353 15.91421277 40768
ISS DEB (SPX-26 IPA FSE)
1 55448U 98067VB  23258.29890484  .00085723  00000+0  67959-3 0  9993
2 55448  51.6325 225.3727 0008033  82.6389 277.5522 15.70522659 35378
SOYUZ-MS 23             
1 55688U 23024A   23258.41510310  .00017764  00000+0  32632-3 0  9991
2 55688  51.6411 241.5794 0005745  20.8373 139.0145 15.49298881415781
ARKSAT 1                
1 56311U 98067VC  23258.33928237  .00179674  00000+0  12313-2 0  9998
2 56311  51.6324 230.8905 0009237  72.0237 288.1768 15.73601327 22478
AURORASAT               
1 56312U 98067VD  23258.21972664  .00337783  00000+0  16062-2 0  9991
2 56312  51.6274 229.3049 0009348  75.3977 284.8061 15.81355702 22511
EX-ALTA-2               
1 56313U 98067VE  23258.52307082  .00157087  00000+0  10609-2 0  9990
2 56313  51.6295 229.8456 0009113  71.8825 288.3166 15.74015788 22520
LIGHTCUBE               
1 56314U 98067VF  23258.32903478  .00284745  00000+0  14887-2 0  9994
2 56314  51.6279 229.2874 0009469  68.6799 291.5212 15.79424460 22545
NEUDOSE                 
1 56315U 98067VG  23258.52564169  .00096178  00000+0  89535-3 0  9991
2 56315  51.6327 232.8874 0009045  61.6116 298.5791 15.66544459 22463
YUKONSAT                
1 56316U 98067VH  23258.64776917  .00124392  00000+0  98558-3 0  9996
2 56316  51.6317 230.6967 0009353  62.9193 297.2757 15.70359323 22527
ISS DEB                 
1 56434U 98067VJ  23258.65958960  .00082293  00000+0  83750-3 0  9999
2 56434  51.6351 233.8053 0008984  71.4445 288.7526 15.64379218 21033
TIANZHOU-6              
1 56446U 23063A   23258.46697371  .00029249  00000+0  32414-3 0  9994
2 56446  41.4746 326.7477 0008583  21.4798 338.6400 15.62277228135942
PROGRESS-MS 23          
1 56740U 23071A   23258.41510310  .00017764  00000+0  32632-3 0  9993
2 56740  51.6411 241.5794 0005745  20.8373 139.0145 15.49298881415781
SHENZHOU-16 (SZ-16)     
1 56761U 23077A   23258.46697371  .00029249  00000+0  32414-3 0  9999
2 56761  41.4746 326.7477 0008583  21.4798 338.6400 15.62277228135942
ISS DEB                 
1 57212U 98067VP  23258.25533164  .00037981  00000+0  56532-3 0  9997
2 57212  51.6372 240.8570 0006505  41.6905 318.4580 15.54729312 12719
1998-067VQ              
1 57312U 98067VQ  23258.65711010  .00065944  00000+0  86897-3 0  9997
2 57312  51.6371 238.2926 0005600  98.3630 261.7997 15.57786895 11087
1998-067VR              
1 57313U 98067VR  23258.66953611  .00059071  00000+0  80070-3 0  9995
2 57313  51.6374 238.3762 0003465  92.9930 267.1458 15.57086910 11094
1998-067VS              
1 57314U 98067VS  23258.56117026  .00146603  00000+0  15434-2 0  9996
2 57314  51.6319 237.6360 0006551  85.2557 274.9186 15.63268395 11088
1998-067VT              
1 57315U 98067VT  23258.39675330  .00080757  00000+0  10554-2 0  9990
2 57315  51.6365 239.5506 0006006  98.6709 261.4964 15.57918836 11052
MOONLIGHTER             
1 57316U 98067VU  23258.67773563  .00030581  00000+0  39454-3 0  9990
2 57316  51.6373 237.6780 0006561  75.3275 284.8445 15.58696219 11097
1998-067VV              
1 57317U 98067VV  23258.53879668  .00098861  00000+0  11600-2 0  9996
2 57317  51.6390 238.2592 0007242  91.4603 268.7220 15.60661623 11070
MAYA-5                  
1 57419U 98067VW  23258.66972184  .00092368  00000+0  11700-2 0  9997
2 57419  51.6362 238.3692 0008829  67.3520 292.8405 15.58666422  9097
MAYA-6                  
1 57420U 98067VX  23258.67073376  .00088906  00000+0  11312-2 0  9997
2 57420  51.6355 238.3753 0008789  66.7877 293.4040 15.58565175  9097
CYGNUS NG-19            
1 57488U 23110A   23258.41510310  .00017764  00000+0  32632-3 0  9997
2 57488  51.6411 241.5794 0005745  20.8373 139.0145 15.49298881415781
PROGRESS-MS 24          
1 57691U 23125A   23258.41510310  .00017764  00000+0  32632-3 0  9999
2 57691  51.6411 241.5794 0005745  20.8373 139.0145 15.49298881415787
CREW DRAGON 7           
1 57697U 23128A   23258.41510310  .00017764  00000+0  32632-3 0  9998
2 57697  51.6411 241.5794 0005745  20.8373 139.0145 15.49298881415783
SOYUZ-MS 24             
1 57862U 23143A   23258.67672391 -.00003777  11942-4  00000+0 0  9997
2 57862  51.6485 240.3170 0023669  86.8513  81.1085 16.22539595    03
SL-4 R/B                
1 57863U 23143B   23258.67574359 -.00003784  11965-4  00000+0 0  9996
2 57863  51.6590 240.3927 0029251  72.6541  89.4302 16.23259343    02
